[app/ui]
version = 6.1.0
modtime = 1400899672.121137000

[app/launcher]
version = 6.1.0
modtime = 1400899672.129979000
